1.202479782953512885e-07 5.927433926439183923e-10
3.652434856183541646e-07 1.800410001694665177e-09
6.224887683075071474e-07 3.068459941197949135e-09
8.674842756305100235e-07 4.276126550248695505e-09
1.112479782953512688e-06 5.483793159299441462e-09
1.357475290276515670e-06 6.691459768350189074e-09
1.602470797599518440e-06 7.899126377400935031e-09
1.847466304922521422e-06 9.106792986451681815e-09
2.092461812245524192e-06 1.031445959550242860e-08
2.349707094934677387e-06 1.158250953500571380e-08
2.594702602257679945e-06 1.279017614405645893e-08
2.839698109580682927e-06 1.399784275310720571e-08
3.084693616903685909e-06 1.520550936215795250e-08
3.329689124226688891e-06 1.641317597120870094e-08
3.586934406915841662e-06 1.768122591071198448e-08
3.831929914238844221e-06 1.888889251976272961e-08
4.076925421561847626e-06 2.009655912881347805e-08
4.334170704251000821e-06 2.136460906831676159e-08
4.579166211574003379e-06 2.257227567736750672e-08
4.824161718897005938e-06 2.377994228641825185e-08
5.081407001586159132e-06 2.504799222592153871e-08
5.326402508909161691e-06 2.625565883497228384e-08
5.571398016232165096e-06 2.746332544402303227e-08
5.828643298921318291e-06 2.873137538352631913e-08
6.073638806244320849e-06 2.993904199257706095e-08
6.330884088933474044e-06 3.120709193208035111e-08
6.575879596256476603e-06 3.241475854113109293e-08
6.833124878945629797e-06 3.368280848063437648e-08
7.078120386268632356e-06 3.489047508968512492e-08
7.335365668957785550e-06 3.615852502918840846e-08
7.592610951646938745e-06 3.742657496869169200e-08
7.837606458969941303e-06 3.863424157774244044e-08
8.094851741659094498e-06 3.990229151724572399e-08
8.352097024348247692e-06 4.117034145674900753e-08
8.597092531671250251e-06 4.237800806579975597e-08
8.854337814360403446e-06 4.364605800530303952e-08
9.111583097049556640e-06 4.491410794480632306e-08
9.368828379738709835e-06 4.618215788430960660e-08
9.626073662427863029e-06 4.745020782381289015e-08
9.883318945117014530e-06 4.871825776331616708e-08
1.014056422780616772e-05 4.998630770281945724e-08
1.039780951049532092e-05 5.125435764232274078e-08
1.065505479318447411e-05 5.252240758182602433e-08
1.091230007587362731e-05 5.379045752132930787e-08
1.118179513392893114e-05 5.511889079128513314e-08
1.143904041661808264e-05 5.638694073078841007e-08
1.169628569930723583e-05 5.765499067029169361e-08
1.196578075736253966e-05 5.898342394024751888e-08
1.222302604005169286e-05 6.025147387975080904e-08
1.248027132274084605e-05 6.151952381925409258e-08
1.274976638079614819e-05 6.284795708920990462e-08
1.301926143885145202e-05 6.417639035916572988e-08
1.327650672154060522e-05 6.544444029866901343e-08
1.354600177959590735e-05 6.677287356862483870e-08
1.381549683765121118e-05 6.810130683858066396e-08
1.408499189570651501e-05 6.942974010853648923e-08
1.435448695376181715e-05 7.075817337849230127e-08
1.462398201181712098e-05 7.208660664844812653e-08
1.489347706987242312e-05 7.341503991840393857e-08
1.516297212792772695e-05 7.474347318835976383e-08
1.543246718598303247e-05 7.607190645831560234e-08
1.570196224403833630e-05 7.740033972827142760e-08
1.598370707745978738e-05 7.878915632867976813e-08
1.625320213551509121e-05 8.011758959863559339e-08
1.653494696893654568e-05 8.150640619904396038e-08
1.680444202699184951e-05 8.283483946899978565e-08
1.708618686041330059e-05 8.422365606940812617e-08
1.736793169383475506e-05 8.561247266981649316e-08
1.764967652725620614e-05 8.700128927022484692e-08
1.793142136067766060e-05 8.839010587063321391e-08
1.821316619409911507e-05 8.977892247104156767e-08
1.849491102752056615e-05 9.116773907144992142e-08
1.877665586094202062e-05 9.255655567185828841e-08
1.907065046972962572e-05 9.400575560271918389e-08
1.935239530315107680e-05 9.539457220312753765e-08
1.963414013657253126e-05 9.678338880353590464e-08
1.992813474536013298e-05 9.823258873439678689e-08
2.022212935414773808e-05 9.968178866525769560e-08
2.051612396293533980e-05 1.011309885961185778e-07
2.081011857172294490e-05 1.025801885269794866e-07
2.110411318051054662e-05 1.040293884578403688e-07
2.139810778929815172e-05 1.054785883887012775e-07
2.169210239808575343e-05 1.069277883195621598e-07
2.199834678223950917e-05 1.084373715808756102e-07
2.229234139102711089e-05 1.098865715117364924e-07
2.259858577518086663e-05 1.113961547730499429e-07
2.289258038396846834e-05 1.128453547039108251e-07
2.319882476812222408e-05 1.143549379652242756e-07
2.350506915227597643e-05 1.158645212265376995e-07
2.381131353642972878e-05 1.173741044878511235e-07
2.412980769594963177e-05 1.189440710796170892e-07
2.443605208010338751e-05 1.204536543409305396e-07
2.475454623962329050e-05 1.220236209326964921e-07
2.506079062377704285e-05 1.235332041940099293e-07
2.537928478329694922e-05 1.251031707857759082e-07
2.569777894281685221e-05 1.266731373775418871e-07
2.601627310233675520e-05 1.282431039693078396e-07
2.633476726185665818e-05 1.298130705610738185e-07
2.666551119674271181e-05 1.314434204832923127e-07
2.698400535626261818e-05 1.330133870750583181e-07
2.731474929114867181e-05 1.346437369972768123e-07
2.764549322603472543e-05 1.362740869194953329e-07
2.797623716092077905e-05 1.379044368417138271e-07
2.830698109580683268e-05 1.395347867639323478e-07
2.864997480605903694e-05 1.412255200166033837e-07
2.898071874094509056e-05 1.428558699388218778e-07
2.932371245119729482e-05 1.445466031914929402e-07
2.966670616144949908e-05 1.462373364441639761e-07
3.000969987170170334e-05 1.479280696968350385e-07
3.035269358195390760e-05 1.496188029495060744e-07
3.070793706757226249e-05 1.513699195326296520e-07
3.105093077782446675e-05 1.530606527853007144e-07
3.140617426344281826e-05 1.548117693684242655e-07
3.176141774906116977e-05 1.565628859515478432e-07
3.211666123467952805e-05 1.583140025346714473e-07
3.248415449566403358e-05 1.601255024482475666e-07
3.283939798128238509e-05 1.618766190313711442e-07
3.320689124226689062e-05 1.636881189449472636e-07
3.357438450325139615e-05 1.654996188585234094e-07
3.395412753960204893e-05 1.673715021025520440e-07
3.432162080058655446e-05 1.691830020161281634e-07
3.470136383693720724e-05 1.710548852601568244e-07
3.508110687328786002e-05 1.729267685041854855e-07
3.546084990963851280e-05 1.747986517482141201e-07
3.585284272135531961e-05 1.767309183226953229e-07
3.623258575770597239e-05 1.786028015667239840e-07
3.662457856942277919e-05 1.805350681412051868e-07
3.702882115650573324e-05 1.825277180461389048e-07
3.742081396822254005e-05 1.844599846206201076e-07
3.782505655530549410e-05 1.864526345255538521e-07
3.822929914238844815e-05 1.884452844304875702e-07
3.863354172947140220e-05 1.904379343354213147e-07
3.905003409192051028e-05 1.924909675708076009e-07
3.946652645436961158e-05 1.945440008061938342e-07
3.988301881681871966e-05 1.965970340415801205e-07
4.029951117926782096e-05 1.986500672769663803e-07
4.072825331708307628e-05 2.007634838428051818e-07
4.115699545489833161e-05 2.028769004086439833e-07
4.159798736807974095e-05 2.050507003049353529e-07
4.202672950589498950e-05 2.071641168707741280e-07
4.247997119444254610e-05 2.093983000975180129e-07
4.292096310762395545e-05 2.115720999938093826e-07
4.337420479617150527e-05 2.138062832205532411e-07
4.382744648471906186e-05 2.160404664472971260e-07
4.428068817326661846e-05 2.182746496740410110e-07
4.474617963718032231e-05 2.205692162312374376e-07
4.521167110109403293e-05 2.228637827884338643e-07
4.568941234037388402e-05 2.252187326760828062e-07
4.616715357965374189e-05 2.275736825637317746e-07
4.664489481893359976e-05 2.299286324513807430e-07
4.713488583357960487e-05 2.323439656694822266e-07
4.762487684822560999e-05 2.347592988875837103e-07
4.812711763823776236e-05 2.372350154361377356e-07
4.862935842824992150e-05 2.397107319846917610e-07
4.913159921826207386e-05 2.421864485332457864e-07
4.964608978364038025e-05 2.447225484122523799e-07
5.016058034901868664e-05 2.472586482912589205e-07
5.068732068976314705e-05 2.498551315007180823e-07
5.122631080587374794e-05 2.525119980406296534e-07
5.175305114661820835e-05 2.551084812500888152e-07
5.230429103809496326e-05 2.578257311204529545e-07
5.284328115420557092e-05 2.604825976603646315e-07
5.340677082104847308e-05 2.632602308611813390e-07
5.397026048789138202e-05 2.660378640619980465e-07
5.453375015473429095e-05 2.688154972628147540e-07
5.510948959694334713e-05 2.716535137940840297e-07
5.569747881451855056e-05 2.745519136558058207e-07
5.628546803209376077e-05 2.774503135175276117e-07
5.687345724966896420e-05 2.803487133792494026e-07
5.748594601797647567e-05 2.833678799018762770e-07
5.809843478628398038e-05 2.863870464245031514e-07
5.871092355459148508e-05 2.894062129471299729e-07
5.933566209826514381e-05 2.924857628002094155e-07
5.997265041730494978e-05 2.956256959837413204e-07
6.062188851171090978e-05 2.988260124977258465e-07
6.127112660611685622e-05 3.020263290117102666e-07
6.193261447588897025e-05 3.052870288561473079e-07
6.260635212102723152e-05 3.086081120310368645e-07
6.328008976616547924e-05 3.119291952059263681e-07
6.397832696203604856e-05 3.153710450417210610e-07
6.467656415790660432e-05 3.188128948775156481e-07
6.538705112914330734e-05 3.223151280437628033e-07
6.609753810038001035e-05 3.258173612100099586e-07
6.683252462234902142e-05 3.294403610371621973e-07
6.756751114431803248e-05 3.330633608643144360e-07
6.832699721701933804e-05 3.368071273523717581e-07
6.908648328972065715e-05 3.405508938404291332e-07
6.985821913778810996e-05 3.443550436589389177e-07
7.064220476122172357e-05 3.482195768079013233e-07
7.145068993538763167e-05 3.522048766177688123e-07
7.225917510955353978e-05 3.561901764276362484e-07
7.307991005908559513e-05 3.602358595679562527e-07
7.391289478398381128e-05 3.643419260387288252e-07
7.477037905961432193e-05 3.685687591704064282e-07
7.562786333524483258e-05 3.727955923020840312e-07
7.650984716160763772e-05 3.771431920946667176e-07
7.740408076333660367e-05 3.815511752177019722e-07
7.831056414043170331e-05 3.860195416711896892e-07
7.924154706825912455e-05 3.906086747855825425e-07
8.018477977145267949e-05 3.952581912304279111e-07
8.114026225001239523e-05 3.999680910057258479e-07
8.212024427930440546e-05 4.047987574419288151e-07
8.311247608396256294e-05 4.096898072085842977e-07
8.411695766398688122e-05 4.146412403056924014e-07
8.514593879474349400e-05 4.197134400637055355e-07
8.619941947623240128e-05 4.249064064826237532e-07
8.726514993308746935e-05 4.301597562319945390e-07
8.835537994067483192e-05 4.355338726422703553e-07
8.947010949899448899e-05 4.410287557134512021e-07
9.059708883268030686e-05 4.465840221150846701e-07
9.176081749246456647e-05 4.523204385080756838e-07
9.293679592761498688e-05 4.581172382315193187e-07
9.413727391349768824e-05 4.640348046158679311e-07
9.536225145011271119e-05 4.700731376611216799e-07
9.662397831282617589e-05 4.762926206977330274e-07
9.789795495090578784e-05 4.825724870647969431e-07
9.920868091508385509e-05 4.890335034232184046e-07
1.005439064299942168e-04 4.956152864425448966e-07
1.019158812710030339e-04 5.023782194532291461e-07
1.033123556627441454e-04 5.092619191248183202e-07
1.047455793805837122e-04 5.163267687877652518e-07
1.062033026491555871e-04 5.235123851116172140e-07
1.076977752438259037e-04 5.308791514268267219e-07
1.092289971645946757e-04 5.384270677333939873e-07
1.108092181868280366e-04 5.462165173617712078e-07
1.124139387597937055e-04 5.541267336510536707e-07
1.140554086588578298e-04 5.622180999316936792e-07
1.157458776593865430e-04 5.705509995341437488e-07
1.174853457613798724e-04 5.791254324584040912e-07
1.192615631894716435e-04 5.878810153740220852e-07
1.210867797190280035e-04 5.968781316114500344e-07
1.229609953500489933e-04 6.061167811706883622e-07
1.248842100825345585e-04 6.155969640517366451e-07
1.268686736918508734e-04 6.253790635850477160e-07
1.289021364026318045e-04 6.354026964401689539e-07
1.309968479902434853e-04 6.457282459475528739e-07
1.331528084546858889e-04 6.563557121071992643e-07
1.353700177959590693e-04 6.672850949191085486e-07
1.376484760140629995e-04 6.785163943832805150e-07
1.400004328843638404e-04 6.901099938301677847e-07
1.424258884068615647e-04 7.020658932597701459e-07
1.449370923569223333e-04 7.144444760025402198e-07
1.475095451838138788e-04 7.271249753975731876e-07
1.501799962136346023e-04 7.402885414362262774e-07
1.529361956710183700e-04 7.538747907880470799e-07
1.557903933313313700e-04 7.679441067834883221e-07
1.587425891945735479e-04 7.824964894225497921e-07
1.617927832607449310e-04 7.975319387052315959e-07
1.649654750805778136e-04 8.131712212924387641e-07
1.682484148787060621e-04 8.293539538537187812e-07
1.716416026551296494e-04 8.460801363890716474e-07
1.751817877359470308e-04 8.635309188898549085e-07
1.788567203457920726e-04 8.816459180256160490e-07
1.826664004846647747e-04 9.004251337963552809e-07
1.866475774786635654e-04 9.200497161934298321e-07
1.907880015524223111e-04 9.404592818863873994e-07
1.950999224813071723e-04 9.617142142056807095e-07
1.996078398160504167e-04 9.839352798122143696e-07
2.043117535566520713e-04 1.007122478705988697e-06
2.092361632538444305e-04 1.031396577547908723e-06
2.143810689076274944e-04 1.056757576337974447e-06
2.197832198440997182e-04 1.083386625067543415e-06
2.254426160632610750e-04 1.111283723736615626e-06
2.313960068912100470e-04 1.140630022336548839e-06
2.376556421033127679e-04 1.171485904197795357e-06
2.442460212503015323e-04 1.203972135981260421e-06
2.512038936582748497e-04 1.238269867678301791e-06
2.585415091025987724e-04 1.274439482619371557e-06
2.663201164601041045e-04 1.312782897456732719e-06
2.745642152815231675e-04 1.353420878851290308e-06
2.833105548929543355e-04 1.396534576794401869e-06
2.926203841712284666e-04 1.442425907938330402e-06
3.025427022178100956e-04 1.491336405604885757e-06
3.131510076848960790e-04 1.543628369776782813e-06
3.245065494493172748e-04 1.599603717106284993e-06
3.366950759386367004e-04 1.659685130906559905e-06
3.498268351311496402e-04 1.724416061151679762e-06
3.639875754544192200e-04 1.794219191154813018e-06
3.793365439882053131e-04 1.869879504211842159e-06
3.959962384861695278e-04 1.952000833627292762e-06
4.141749051295363264e-04 2.041609696018858432e-06
4.340807900995303343e-04 2.139732608004231506e-06
4.559588889034744963e-04 2.247577236192463136e-06
4.801399454762548288e-04 2.366773930505771869e-06
5.070037028542222083e-04 2.499194574188186736e-06
5.370156525012900403e-04 2.647133733796902893e-06
5.707760334103998247e-04 2.813550192524095918e-06
6.090198321035205590e-04 3.002066950196917573e-06
6.527270306099442398e-04 3.217514673251570348e-06
7.031593557923844539e-04 3.466112844724666914e-06
7.619827771006374437e-04 3.756073597557751464e-06
8.314880025281733275e-04 4.098688614545448373e-06
9.149089727716557376e-04 4.509899094927226751e-06
1.016863853144123284e-03 5.012469554283694377e-06
1.144310516053549448e-03 5.640697724311893467e-06
1.308224760228004439e-03 6.448687069097295477e-06
1.526846501187686077e-03 7.526348367683729288e-06
1.833078635566073433e-03 9.035871245666708893e-06
2.292800455282322045e-03 1.130199725421998287e-05
3.060089634891868891e-03 1.508422792377556465e-05
